0.000000000000000000e+00
3.344481578096747398e-03
6.688963156193494797e-03
1.003344450145959854e-02
1.337792631238698959e-02
1.672240719199180603e-02
2.006688900291919708e-02
2.341137081384658813e-02
2.675585262477397919e-02
3.010033443570137024e-02
3.344481438398361206e-02
3.678929805755615234e-02
4.013377800583839417e-02
4.347825795412063599e-02
4.682274162769317627e-02
5.016722530126571655e-02
5.351170524954795837e-02
5.685618519783020020e-02
6.020066887140274048e-02
6.354515254497528076e-02
6.688962876796722412e-02
7.023411244153976440e-02
7.357859611511230469e-02
7.692307233810424805e-02
8.026755601167678833e-02
8.361203968524932861e-02
8.695651590824127197e-02
9.030099958181381226e-02
9.364548325538635254e-02
9.698995947837829590e-02
1.003344431519508362e-01
1.036789268255233765e-01
1.070234104990959167e-01
1.103678941726684570e-01
1.137123703956604004e-01
1.170568540692329407e-01
1.204013377428054810e-01
1.237458139657974243e-01
1.270903050899505615e-01
1.304347813129425049e-01
1.337792575359344482e-01
1.371237337589263916e-01
1.404682248830795288e-01
1.438127011060714722e-01
1.471571773290634155e-01
1.505016684532165527e-01
1.538461446762084961e-01
1.571906208992004395e-01
1.605351120233535767e-01
1.638795882463455200e-01
1.672240793704986572e-01
1.705685555934906006e-01
1.739130318164825439e-01
1.772575229406356812e-01
1.806019991636276245e-01
1.839464902877807617e-01
1.872909665107727051e-01
1.906354427337646484e-01
1.939799338579177856e-01
1.973244100809097290e-01
2.006688863039016724e-01
2.040133774280548096e-01
2.073578536510467529e-01
2.107023298740386963e-01
2.140468209981918335e-01
2.173912972211837769e-01
2.207357883453369141e-01
2.240802645683288574e-01
2.274247407913208008e-01
2.307692319154739380e-01
2.341137081384658813e-01
2.374581992626190186e-01
2.408026754856109619e-01
2.441471517086029053e-01
2.474916428327560425e-01
2.508361339569091797e-01
2.541806101799011230e-01
2.575250864028930664e-01
2.608695626258850098e-01
2.642140388488769531e-01
2.675585150718688965e-01
2.709029912948608398e-01
2.742474675178527832e-01
2.775919735431671143e-01
2.809364497661590576e-01
2.842809259891510010e-01
2.876254022121429443e-01
2.909698784351348877e-01
2.943143844604492188e-01
2.976588606834411621e-01
3.010033369064331055e-01
3.043478429317474365e-01
3.076923191547393799e-01
3.110367953777313232e-01
3.143812716007232666e-01
3.177257478237152100e-01
3.210702240467071533e-01
3.244147002696990967e-01
3.277591764926910400e-01
3.311036825180053711e-01
3.344481587409973145e-01
3.377926349639892578e-01
3.411371111869812012e-01
3.444815874099731445e-01
3.478260934352874756e-01
3.511705696582794189e-01
3.545150458812713623e-01
3.578595519065856934e-01
3.612040281295776367e-01
3.645485043525695801e-01
3.678929805755615234e-01
3.712374567985534668e-01
3.745819330215454102e-01
3.779264092445373535e-01
3.812708854675292969e-01
3.846153914928436279e-01
3.879598677158355713e-01
3.913043439388275146e-01
3.946488201618194580e-01
3.979932963848114014e-01
4.013378024101257324e-01
4.046822786331176758e-01
4.080267548561096191e-01
4.113712608814239502e-01
4.147157371044158936e-01
4.180602133274078369e-01
4.214046895503997803e-01
4.247491657733917236e-01
4.280936419963836670e-01
4.314381182193756104e-01
4.347825944423675537e-01
4.381271004676818848e-01
4.414715766906738281e-01
4.448160529136657715e-01
4.481605291366577148e-01
4.515050053596496582e-01
4.548494815826416016e-01
4.581939578056335449e-01
4.615384340286254883e-01
4.648829400539398193e-01
4.682274162769317627e-01
4.715718924999237061e-01
4.749163687229156494e-01
4.782608449459075928e-01
4.816053509712219238e-01
4.849498271942138672e-01
4.882943034172058105e-01
4.916388094425201416e-01
4.949832856655120850e-01
4.983277618885040283e-01
5.016722679138183594e-01
5.050167441368103027e-01
5.083612203598022461e-01
5.117056965827941895e-01
5.150501728057861328e-01
5.183946490287780762e-01
5.217391252517700195e-01
5.250836014747619629e-01
5.284281373023986816e-01
5.317726135253906250e-01
5.351170897483825684e-01
5.384615659713745117e-01
5.418060421943664551e-01
5.451505184173583984e-01
5.484949946403503418e-01
5.518394708633422852e-01
5.551840066909790039e-01
5.585284829139709473e-01
5.618728995323181152e-01
5.652173757553100586e-01
5.685618519783020020e-01
5.719063282012939453e-01
5.752508044242858887e-01
5.785952806472778320e-01
5.819398164749145508e-01
5.852842926979064941e-01
5.886287689208984375e-01
5.919732451438903809e-01
5.953177213668823242e-01
5.986621975898742676e-01
6.020066738128662109e-01
6.053511500358581543e-01
6.086956858634948730e-01
6.120401620864868164e-01
6.153846383094787598e-01
6.187291145324707031e-01
6.220735907554626465e-01
6.254180669784545898e-01
6.287625432014465332e-01
6.321070194244384766e-01
6.354515552520751953e-01
6.387960314750671387e-01
6.421404480934143066e-01
6.454849243164062500e-01
6.488294005393981934e-01
6.521738767623901367e-01
6.555183529853820801e-01
6.588628292083740234e-01
6.622073650360107422e-01
6.655518412590026855e-01
6.688963174819946289e-01
6.722407937049865723e-01
6.755852699279785156e-01
6.789297461509704590e-01
6.822742223739624023e-01
6.856186985969543457e-01
6.889632344245910645e-01
6.923077106475830078e-01
6.956521868705749512e-01
6.989966630935668945e-01
7.023411393165588379e-01
7.056856155395507812e-01
7.090300917625427246e-01
7.123745679855346680e-01
7.157191038131713867e-01
7.190635800361633301e-01
7.224080562591552734e-01
7.257525324821472168e-01
7.290970087051391602e-01
7.324414849281311035e-01
7.357859611511230469e-01
7.391304373741149902e-01
7.424749732017517090e-01
7.458194494247436523e-01
7.491638660430908203e-01
7.525083422660827637e-01
7.558528184890747070e-01
7.591972947120666504e-01
7.625417709350585938e-01
7.658862471580505371e-01
7.692307829856872559e-01
7.725752592086791992e-01
7.759197354316711426e-01
7.792642116546630859e-01
7.826086878776550293e-01
7.859531641006469727e-01
7.892976403236389160e-01
7.926421165466308594e-01
7.959866523742675781e-01
7.993311285972595215e-01
8.026756048202514648e-01
8.060200810432434082e-01
8.093645572662353516e-01
8.127090334892272949e-01
8.160535097122192383e-01
8.193979859352111816e-01
8.227425217628479004e-01
8.260869979858398438e-01
8.294314146041870117e-01
8.327758908271789551e-01
8.361203670501708984e-01
8.394648432731628418e-01
8.428093194961547852e-01
8.461537957191467285e-01
8.494983315467834473e-01
8.528428077697753906e-01
8.561872839927673340e-01
8.595317602157592773e-01
8.628762364387512207e-01
8.662207126617431641e-01
8.695651888847351074e-01
8.729096651077270508e-01
8.762542009353637695e-01
8.795986771583557129e-01
8.829431533813476562e-01
8.862876296043395996e-01
8.896321058273315430e-01
8.929765820503234863e-01
8.963210582733154297e-01
8.996655344963073730e-01
9.030100703239440918e-01
9.063545465469360352e-01
9.096990227699279785e-01
9.130434989929199219e-01
9.163879752159118652e-01
9.197324514389038086e-01
9.230769276618957520e-01
9.264214038848876953e-01
9.297659397125244141e-01
9.331104159355163574e-01
9.364548325538635254e-01
9.397993087768554688e-01
9.431437849998474121e-01
9.464882612228393555e-01
9.498327374458312988e-01
9.531772136688232422e-01
9.565217494964599609e-01
9.598662257194519043e-01
9.632107019424438477e-01
9.665551781654357910e-01
9.698996543884277344e-01
9.732441306114196777e-01
9.765886068344116211e-01
9.799330830574035645e-01
9.832776188850402832e-01
9.866220951080322266e-01
9.899665713310241699e-01
9.933110475540161133e-01
9.966555237770080566e-01
1.000000000000000000e+00
