9.463698267936706543e-01
2.484575062990188599e-01
7.382029294967651367e-01
7.327293157577514648e-01
2.941484749317169189e-01
6.332288980484008789e-01
7.652652263641357422e-02
3.047510385513305664e-01
3.660574257373809814e-01
5.969778895378112793e-01
9.778741002082824707e-01
6.126996278762817383e-01
2.570853233337402344e-01
1.018933653831481934e+00
3.837815821170806885e-01
3.145974278450012207e-01
3.114467859268188477e-01
7.569793462753295898e-01
7.659597992897033691e-01
9.043910503387451172e-01
6.861413717269897461e-01
5.242668390274047852e-01
7.863212823867797852e-01
1.709374785423278809e-01
2.661546468734741211e-01
3.516231477260589600e-01
5.448228120803833008e-01
9.744593501091003418e-01
8.062443733215332031e-01
9.442908763885498047e-01
9.971566200256347656e-01
6.492813825607299805e-01
6.615740656852722168e-01
7.656719684600830078e-01
6.810356378555297852e-01
8.871019482612609863e-01
3.239820897579193115e-01
9.842727184295654297e-01
9.140866994857788086e-01
4.667104482650756836e-01
7.203477621078491211e-01
5.689486265182495117e-01
8.334465026855468750e-01
9.196741580963134766e-01
5.284935235977172852e-01
1.075361728668212891e+00
8.074059486389160156e-01
6.141615509986877441e-01
5.526763200759887695e-01
5.378328561782836914e-01
8.778702616691589355e-01
3.418248295783996582e-01
6.408712863922119141e-01
1.317589044570922852e+00
1.248768568038940430e+00
1.188488960266113281e+00
8.918597102165222168e-01
1.175765752792358398e+00
1.359680056571960449e+00
8.012973070144653320e-01
4.106912910938262939e-01
1.377804279327392578e+00
1.243993282318115234e+00
1.018868207931518555e+00
7.022272348403930664e-01
8.268802165985107422e-01
1.133413553237915039e+00
1.350991964340209961e+00
7.821810841560363770e-01
1.123925924301147461e+00
1.087496161460876465e+00
5.446810722351074219e-01
1.408808231353759766e+00
8.017168045043945312e-01
6.755682229995727539e-01
7.613677978515625000e-01
8.697077035903930664e-01
1.073730707168579102e+00
1.099540948867797852e+00
1.142319798469543457e+00
7.663003206253051758e-01
9.853582978248596191e-01
1.297364950180053711e+00
1.480706810951232910e+00
1.043033838272094727e+00
1.172366976737976074e+00
7.540904879570007324e-01
8.251757025718688965e-01
1.062426090240478516e+00
1.010087490081787109e+00
1.177975416183471680e+00
9.139736890792846680e-01
7.910647392272949219e-01
1.068308830261230469e+00
1.429857254028320312e+00
6.584546566009521484e-01
1.553249120712280273e+00
8.109833598136901855e-01
1.165704846382141113e+00
1.316833496093750000e+00
1.488401412963867188e+00
1.321395397186279297e+00
1.651069641113281250e+00
1.059038877487182617e+00
1.374741792678833008e+00
8.049228191375732422e-01
8.721639513969421387e-01
8.545832633972167969e-01
1.022672653198242188e+00
1.057844877243041992e+00
1.088647365570068359e+00
1.179770708084106445e+00
8.189821243286132812e-01
1.073236823081970215e+00
1.598155140876770020e+00
1.446829319000244141e+00
1.751372337341308594e+00
1.630418777465820312e+00
1.442334294319152832e+00
1.066992759704589844e+00
1.183611273765563965e+00
1.766961574554443359e+00
1.188709259033203125e+00
1.354189515113830566e+00
1.439796447753906250e+00
1.574410915374755859e+00
1.299897551536560059e+00
1.023762941360473633e+00
1.451957345008850098e+00
1.309999942779541016e+00
1.157340526580810547e+00
9.520980119705200195e-01
9.175309538841247559e-01
1.003041744232177734e+00
9.542243480682373047e-01
1.404506206512451172e+00
1.082897901535034180e+00
1.456137537956237793e+00
1.685117244720458984e+00
1.927019596099853516e+00
1.014790534973144531e+00
1.520814299583435059e+00
1.459736943244934082e+00
1.340290307998657227e+00
1.762412667274475098e+00
1.735650897026062012e+00
1.149467468261718750e+00
1.911788225173950195e+00
1.249739527702331543e+00
1.828242540359497070e+00
1.797775506973266602e+00
1.679778814315795898e+00
1.703525304794311523e+00
1.087053060531616211e+00
1.230077743530273438e+00
1.824828863143920898e+00
1.385132074356079102e+00
1.498127341270446777e+00
1.778276443481445312e+00
1.445923089981079102e+00
1.904926061630249023e+00
1.483390450477600098e+00
1.975461721420288086e+00
1.416570901870727539e+00
1.437075138092041016e+00
1.743611693382263184e+00
1.354266881942749023e+00
1.507168531417846680e+00
2.062296152114868164e+00
1.591035246849060059e+00
1.567355751991271973e+00
1.658490180969238281e+00
1.180003166198730469e+00
1.198933362960815430e+00
1.940637350082397461e+00
1.457686662673950195e+00
1.471097707748413086e+00
1.868900299072265625e+00
1.491617679595947266e+00
1.700170278549194336e+00
2.152116537094116211e+00
2.039530754089355469e+00
2.010271310806274414e+00
1.419282078742980957e+00
1.649468779563903809e+00
1.657972455024719238e+00
1.579746961593627930e+00
1.350986480712890625e+00
1.342343091964721680e+00
2.257860898971557617e+00
1.852497100830078125e+00
2.187648057937622070e+00
2.146900892257690430e+00
1.722151041030883789e+00
1.403896570205688477e+00
2.137286663055419922e+00
1.648318886756896973e+00
1.779634237289428711e+00
2.235129594802856445e+00
1.833893060684204102e+00
2.099286317825317383e+00
2.319143295288085938e+00
2.225221633911132812e+00
1.376140356063842773e+00
2.325054645538330078e+00
2.135050296783447266e+00
1.754928350448608398e+00
2.271330118179321289e+00
1.394850730895996094e+00
1.953386783599853516e+00
1.489221334457397461e+00
1.875771522521972656e+00
2.098577022552490234e+00
1.970739603042602539e+00
2.007112979888916016e+00
1.700384616851806641e+00
1.574176788330078125e+00
1.824909448623657227e+00
1.926562190055847168e+00
1.695062875747680664e+00
2.357533454895019531e+00
1.534092783927917480e+00
2.326620101928710938e+00
1.897704601287841797e+00
2.057161331176757812e+00
1.846158981323242188e+00
2.477860689163208008e+00
2.422193765640258789e+00
1.821325540542602539e+00
2.363099098205566406e+00
1.870747327804565430e+00
1.648430109024047852e+00
2.131274700164794922e+00
1.662325859069824219e+00
2.427295923233032227e+00
2.358486175537109375e+00
2.082456588745117188e+00
2.277739048004150391e+00
2.228999853134155273e+00
2.145319938659667969e+00
1.711456298828125000e+00
1.721498012542724609e+00
2.406686305999755859e+00
2.354275465011596680e+00
1.727058768272399902e+00
2.613549709320068359e+00
1.925770521163940430e+00
2.507628917694091797e+00
1.681329965591430664e+00
2.117179393768310547e+00
2.060605049133300781e+00
1.919018745422363281e+00
1.802959680557250977e+00
2.589653491973876953e+00
2.063608169555664062e+00
2.023166179656982422e+00
2.517089366912841797e+00
2.372829914093017578e+00
2.149810314178466797e+00
2.352555274963378906e+00
1.880272388458251953e+00
2.733024358749389648e+00
2.188917875289916992e+00
1.827930688858032227e+00
1.804408550262451172e+00
2.091432571411132812e+00
1.938461542129516602e+00
2.014388561248779297e+00
2.589636802673339844e+00
2.366591453552246094e+00
2.557870864868164062e+00
1.824018120765686035e+00
2.743584871292114258e+00
1.993882060050964355e+00
2.179606437683105469e+00
2.799896955490112305e+00
2.635163307189941406e+00
2.359892129898071289e+00
2.494789600372314453e+00
2.295035362243652344e+00
2.134303808212280273e+00
2.339662551879882812e+00
2.857116222381591797e+00
2.823539733886718750e+00
2.832165956497192383e+00
2.370223522186279297e+00
2.322259664535522461e+00
2.143753528594970703e+00
2.792949199676513672e+00
2.628349304199218750e+00
2.331423759460449219e+00
2.084812402725219727e+00
2.580512046813964844e+00
2.915382862091064453e+00
2.299638032913208008e+00
2.118406057357788086e+00
2.436039209365844727e+00
2.080292463302612305e+00
2.869606494903564453e+00
2.524433851242065430e+00
